 0.00000000e+00  3.33821703e+00 
 5.00000000e-01  3.58822874e+00 
 1.00000000e+00  3.83824045e+00 
 1.50000000e+00  4.08825216e+00 
 2.00000000e+00  4.33826387e+00 
 2.50000000e+00  4.58827558e+00 
 3.00000000e+00  4.83828729e+00 
 3.50000000e+00  5.08829900e+00 
 4.00000000e+00  5.33831071e+00 
 4.50000000e+00  5.58832242e+00 
 5.00000000e+00  5.83833413e+00 
 5.50000000e+00  6.08834585e+00 
 6.00000000e+00  6.33835756e+00 
 6.50000000e+00  6.58836927e+00 
 7.00000000e+00  6.83838098e+00 
 7.50000000e+00  7.08839269e+00 
 8.00000000e+00  7.33840440e+00 
 8.50000000e+00  7.58841611e+00 
 9.00000000e+00  7.83842782e+00 
 9.50000000e+00  8.08843953e+00 
 1.00000000e+01  8.33845124e+00 
