 0.00000000e+00  1.79980094e-01 
 1.00000000e-02  1.89024190e-01 
 2.00000000e-02  1.98068285e-01 
 3.00000000e-02  2.07112380e-01 
 4.00000000e-02  2.16156476e-01 
 5.00000000e-02  2.25200571e-01 
 6.00000000e-02  2.34244667e-01 
 7.00000000e-02  2.43288762e-01 
 8.00000000e-02  2.52332857e-01 
 9.00000000e-02  2.61376953e-01 
 1.00000000e-01  2.70421048e-01 
 1.10000000e-01  2.79465143e-01 
 1.20000000e-01  2.88509239e-01 
 1.30000000e-01  2.97553334e-01 
 1.40000000e-01  3.06597430e-01 
 1.50000000e-01  3.15641525e-01 
 1.60000000e-01  3.24685620e-01 
 1.70000000e-01  3.33729716e-01 
 1.80000000e-01  3.42773811e-01 
 1.90000000e-01  3.51817906e-01 
 2.00000000e-01  3.60862002e-01 
 2.10000000e-01  3.69906097e-01 
 2.20000000e-01  3.78950193e-01 
 2.30000000e-01  3.87994288e-01 
 2.40000000e-01  3.97038383e-01 
 2.50000000e-01  4.06082479e-01 
 2.60000000e-01  4.15126574e-01 
 2.70000000e-01  4.24170669e-01 
 2.80000000e-01  4.33214765e-01 
 2.90000000e-01  4.42258860e-01 
 3.00000000e-01  4.51302956e-01 
 3.10000000e-01  4.60347051e-01 
 3.20000000e-01  4.69391146e-01 
 3.30000000e-01  4.78435242e-01 
 3.40000000e-01  4.87479337e-01 
 3.50000000e-01  4.96523432e-01 
 3.60000000e-01  5.05567528e-01 
 3.70000000e-01  5.14611623e-01 
 3.80000000e-01  5.23655719e-01 
 3.90000000e-01  5.32699814e-01 
 4.00000000e-01  5.41743909e-01 
 4.10000000e-01  5.50788005e-01 
 4.20000000e-01  5.59832100e-01 
 4.30000000e-01  5.68876195e-01 
 4.40000000e-01  5.77920291e-01 
 4.50000000e-01  5.86964386e-01 
 4.60000000e-01  5.96008482e-01 
 4.70000000e-01  6.05052577e-01 
 4.80000000e-01  6.14096672e-01 
 4.90000000e-01  6.23140768e-01 
 5.00000000e-01  6.32184863e-01 
 5.10000000e-01  6.41228958e-01 
 5.20000000e-01  6.50273054e-01 
 5.30000000e-01  6.59317149e-01 
 5.40000000e-01  6.68361245e-01 
 5.50000000e-01  6.77405340e-01 
 5.60000000e-01  6.86449435e-01 
 5.70000000e-01  6.95493531e-01 
 5.80000000e-01  7.04537626e-01 
 5.90000000e-01  7.13581721e-01 
 6.00000000e-01  7.22625817e-01 
 6.10000000e-01  7.31669912e-01 
 6.20000000e-01  7.40714008e-01 
 6.30000000e-01  7.49758103e-01 
 6.40000000e-01  7.58802198e-01 
 6.50000000e-01  7.67846294e-01 
 6.60000000e-01  7.76890389e-01 
 6.70000000e-01  7.85934484e-01 
 6.80000000e-01  7.94978580e-01 
 6.90000000e-01  8.04022675e-01 
 7.00000000e-01  8.13066771e-01 
 7.10000000e-01  8.22110866e-01 
 7.20000000e-01  8.31154961e-01 
 7.30000000e-01  8.40199057e-01 
 7.40000000e-01  8.49243152e-01 
 7.50000000e-01  8.58287247e-01 
 7.60000000e-01  8.67331343e-01 
 7.70000000e-01  8.76375438e-01 
 7.80000000e-01  8.85419534e-01 
 7.90000000e-01  8.94463629e-01 
 8.00000000e-01  9.03507724e-01 
 8.10000000e-01  9.12551820e-01 
 8.20000000e-01  9.21595915e-01 
 8.30000000e-01  9.30640010e-01 
 8.40000000e-01  9.39684106e-01 
 8.50000000e-01  9.48728201e-01 
 8.60000000e-01  9.57772297e-01 
 8.70000000e-01  9.66816392e-01 
 8.80000000e-01  9.75860487e-01 
 8.90000000e-01  9.84904583e-01 
 9.00000000e-01  9.93948678e-01 
 9.10000000e-01  1.00299277e+00 
 9.20000000e-01  1.01203687e+00 
 9.30000000e-01  1.02108096e+00 
 9.40000000e-01  1.03012506e+00 
 9.50000000e-01  1.03916915e+00 
 9.60000000e-01  1.04821325e+00 
 9.70000000e-01  1.05725735e+00 
 9.80000000e-01  1.06630144e+00 
 9.90000000e-01  1.07534554e+00 
 1.00000000e+00  1.08438963e+00 
 1.01000000e+00  1.09343373e+00 
 1.02000000e+00  1.10247782e+00 
 1.03000000e+00  1.11152192e+00 
 1.04000000e+00  1.12056601e+00 
 1.05000000e+00  1.12961011e+00 
 1.06000000e+00  1.13865420e+00 
 1.07000000e+00  1.14769830e+00 
 1.08000000e+00  1.15674239e+00 
 1.09000000e+00  1.16578649e+00 
 1.10000000e+00  1.17483059e+00 
 1.11000000e+00  1.18387468e+00 
 1.12000000e+00  1.19291878e+00 
 1.13000000e+00  1.20196287e+00 
 1.14000000e+00  1.21100697e+00 
 1.15000000e+00  1.22005106e+00 
 1.16000000e+00  1.22909516e+00 
 1.17000000e+00  1.23813925e+00 
 1.18000000e+00  1.24718335e+00 
 1.19000000e+00  1.25622744e+00 
 1.20000000e+00  1.26527154e+00 
 1.21000000e+00  1.27431563e+00 
 1.22000000e+00  1.28335973e+00 
 1.23000000e+00  1.29240383e+00 
 1.24000000e+00  1.30144792e+00 
 1.25000000e+00  1.31049202e+00 
 1.26000000e+00  1.31953611e+00 
 1.27000000e+00  1.32858021e+00 
 1.28000000e+00  1.33762430e+00 
 1.29000000e+00  1.34666840e+00 
 1.30000000e+00  1.35571249e+00 
 1.31000000e+00  1.36475659e+00 
 1.32000000e+00  1.37380068e+00 
 1.33000000e+00  1.38284478e+00 
 1.34000000e+00  1.39188887e+00 
 1.35000000e+00  1.40093297e+00 
 1.36000000e+00  1.40997707e+00 
 1.37000000e+00  1.41902116e+00 
 1.38000000e+00  1.42806526e+00 
 1.39000000e+00  1.43710935e+00 
 1.40000000e+00  1.44615345e+00 
 1.41000000e+00  1.45519754e+00 
 1.42000000e+00  1.46424164e+00 
 1.43000000e+00  1.47328573e+00 
 1.44000000e+00  1.48232983e+00 
 1.45000000e+00  1.49137392e+00 
 1.46000000e+00  1.50041802e+00 
 1.47000000e+00  1.50946211e+00 
 1.48000000e+00  1.51850621e+00 
 1.49000000e+00  1.52755031e+00 
 1.50000000e+00  1.53659440e+00 
 1.51000000e+00  1.54563850e+00 
 1.52000000e+00  1.55468259e+00 
 1.53000000e+00  1.56372669e+00 
 1.54000000e+00  1.57277078e+00 
 1.55000000e+00  1.58181488e+00 
 1.56000000e+00  1.59085897e+00 
 1.57000000e+00  1.59990307e+00 
 1.58000000e+00  1.60894716e+00 
 1.59000000e+00  1.61799126e+00 
 1.60000000e+00  1.62703535e+00 
 1.61000000e+00  1.63607945e+00 
 1.62000000e+00  1.64512354e+00 
 1.63000000e+00  1.65416764e+00 
 1.64000000e+00  1.66321174e+00 
 1.65000000e+00  1.67225583e+00 
 1.66000000e+00  1.68129993e+00 
 1.67000000e+00  1.69034402e+00 
 1.68000000e+00  1.69938812e+00 
 1.69000000e+00  1.70843221e+00 
 1.70000000e+00  1.71747631e+00 
 1.71000000e+00  1.72652040e+00 
 1.72000000e+00  1.73556450e+00 
 1.73000000e+00  1.74460859e+00 
 1.74000000e+00  1.75365269e+00 
 1.75000000e+00  1.76269678e+00 
 1.76000000e+00  1.77174088e+00 
 1.77000000e+00  1.78078498e+00 
 1.78000000e+00  1.78982907e+00 
 1.79000000e+00  1.79887317e+00 
 1.80000000e+00  1.80791726e+00 
 1.81000000e+00  1.81696136e+00 
 1.82000000e+00  1.82600545e+00 
 1.83000000e+00  1.83504955e+00 
 1.84000000e+00  1.84409364e+00 
 1.85000000e+00  1.85313774e+00 
 1.86000000e+00  1.86218183e+00 
 1.87000000e+00  1.87122593e+00 
 1.88000000e+00  1.88027002e+00 
 1.89000000e+00  1.88931412e+00 
 1.90000000e+00  1.89835822e+00 
 1.91000000e+00  1.90740231e+00 
 1.92000000e+00  1.91644641e+00 
 1.93000000e+00  1.92549050e+00 
 1.94000000e+00  1.93453460e+00 
 1.95000000e+00  1.94357869e+00 
 1.96000000e+00  1.95262279e+00 
 1.97000000e+00  1.96166688e+00 
 1.98000000e+00  1.97071098e+00 
 1.99000000e+00  1.97975507e+00 
 2.00000000e+00  1.98879917e+00 
 2.01000000e+00  1.99784326e+00 
 2.02000000e+00  2.00688736e+00 
 2.03000000e+00  2.01593146e+00 
 2.04000000e+00  2.02497555e+00 
 2.05000000e+00  2.03401965e+00 
 2.06000000e+00  2.04306374e+00 
 2.07000000e+00  2.05210784e+00 
 2.08000000e+00  2.06115193e+00 
 2.09000000e+00  2.07019603e+00 
 2.10000000e+00  2.07924012e+00 
 2.11000000e+00  2.08828422e+00 
 2.12000000e+00  2.09732831e+00 
 2.13000000e+00  2.10637241e+00 
 2.14000000e+00  2.11541650e+00 
 2.15000000e+00  2.12446060e+00 
 2.16000000e+00  2.13350470e+00 
 2.17000000e+00  2.14254879e+00 
 2.18000000e+00  2.15159289e+00 
 2.19000000e+00  2.16063698e+00 
 2.20000000e+00  2.16968108e+00 
 2.21000000e+00  2.17872517e+00 
 2.22000000e+00  2.18776927e+00 
 2.23000000e+00  2.19681336e+00 
 2.24000000e+00  2.20585746e+00 
 2.25000000e+00  2.21490155e+00 
 2.26000000e+00  2.22394565e+00 
 2.27000000e+00  2.23298974e+00 
 2.28000000e+00  2.24203384e+00 
 2.29000000e+00  2.25107794e+00 
 2.30000000e+00  2.26012203e+00 
 2.31000000e+00  2.26916613e+00 
 2.32000000e+00  2.27821022e+00 
 2.33000000e+00  2.28725432e+00 
 2.34000000e+00  2.29629841e+00 
 2.35000000e+00  2.30534251e+00 
 2.36000000e+00  2.31438660e+00 
 2.37000000e+00  2.32343070e+00 
 2.38000000e+00  2.33247479e+00 
 2.39000000e+00  2.34151889e+00 
 2.40000000e+00  2.35056298e+00 
 2.41000000e+00  2.35960708e+00 
 2.42000000e+00  2.36865117e+00 
 2.43000000e+00  2.37769527e+00 
 2.44000000e+00  2.38673937e+00 
 2.45000000e+00  2.39578346e+00 
 2.46000000e+00  2.40482756e+00 
 2.47000000e+00  2.41387165e+00 
 2.48000000e+00  2.42291575e+00 
 2.49000000e+00  2.43195984e+00 
 2.50000000e+00  2.44100394e+00 
 2.51000000e+00  2.45004803e+00 
 2.52000000e+00  2.45909213e+00 
 2.53000000e+00  2.46813622e+00 
 2.54000000e+00  2.47718032e+00 
 2.55000000e+00  2.48622441e+00 
 2.56000000e+00  2.49526851e+00 
 2.57000000e+00  2.50431261e+00 
 2.58000000e+00  2.51335670e+00 
 2.59000000e+00  2.52240080e+00 
 2.60000000e+00  2.53144489e+00 
 2.61000000e+00  2.54048899e+00 
 2.62000000e+00  2.54953308e+00 
 2.63000000e+00  2.55857718e+00 
 2.64000000e+00  2.56762127e+00 
 2.65000000e+00  2.57666537e+00 
 2.66000000e+00  2.58570946e+00 
 2.67000000e+00  2.59475356e+00 
 2.68000000e+00  2.60379765e+00 
 2.69000000e+00  2.61284175e+00 
 2.70000000e+00  2.62188585e+00 
 2.71000000e+00  2.63092994e+00 
 2.72000000e+00  2.63997404e+00 
 2.73000000e+00  2.64901813e+00 
 2.74000000e+00  2.65806223e+00 
 2.75000000e+00  2.66710632e+00 
 2.76000000e+00  2.67615042e+00 
 2.77000000e+00  2.68519451e+00 
 2.78000000e+00  2.69423861e+00 
 2.79000000e+00  2.70328270e+00 
 2.80000000e+00  2.71232680e+00 
 2.81000000e+00  2.72137089e+00 
 2.82000000e+00  2.73041499e+00 
 2.83000000e+00  2.73945909e+00 
 2.84000000e+00  2.74850318e+00 
 2.85000000e+00  2.75754728e+00 
 2.86000000e+00  2.76659137e+00 
 2.87000000e+00  2.77563547e+00 
 2.88000000e+00  2.78467956e+00 
 2.89000000e+00  2.79372366e+00 
 2.90000000e+00  2.80276775e+00 
 2.91000000e+00  2.81181185e+00 
 2.92000000e+00  2.82085594e+00 
 2.93000000e+00  2.82990004e+00 
 2.94000000e+00  2.83894413e+00 
 2.95000000e+00  2.84798823e+00 
 2.96000000e+00  2.85703233e+00 
 2.97000000e+00  2.86607642e+00 
 2.98000000e+00  2.87512052e+00 
 2.99000000e+00  2.88416461e+00 
 3.00000000e+00  2.89320871e+00 
