0 0.17998
0.01 0.189024
0.02 0.198068
0.03 0.207112
0.04 0.216156
0.05 0.225201
0.06 0.234245
0.07 0.243289
0.08 0.252333
0.09 0.261377
0.1 0.270421
0.11 0.279465
0.12 0.288509
0.13 0.297553
0.14 0.306597
0.15 0.315642
0.16 0.324686
0.17 0.33373
0.18 0.342774
0.19 0.351818
0.2 0.360862
0.21 0.369906
0.22 0.37895
0.23 0.387994
0.24 0.397038
0.25 0.406082
0.26 0.415127
0.27 0.424171
0.28 0.433215
0.29 0.442259
0.3 0.451303
0.31 0.460347
0.32 0.469391
0.33 0.478435
0.34 0.487479
0.35 0.496523
0.36 0.505568
0.37 0.514612
0.38 0.523656
0.39 0.5327
0.4 0.541744
0.41 0.550788
0.42 0.559832
0.43 0.568876
0.44 0.57792
0.45 0.586964
0.46 0.596008
0.47 0.605053
0.48 0.614097
0.49 0.623141
0.5 0.632185
0.51 0.641229
0.52 0.650273
0.53 0.659317
0.54 0.668361
0.55 0.677405
0.56 0.686449
0.57 0.695494
0.58 0.704538
0.59 0.713582
0.6 0.722626
0.61 0.73167
0.62 0.740714
0.63 0.749758
0.64 0.758802
0.65 0.767846
0.66 0.77689
0.67 0.785934
0.68 0.794979
0.69 0.804023
0.7 0.813067
0.71 0.822111
0.72 0.831155
0.73 0.840199
0.74 0.849243
0.75 0.858287
0.76 0.867331
0.77 0.876375
0.78 0.88542
0.79 0.894464
0.8 0.903508
0.81 0.912552
0.82 0.921596
0.83 0.93064
0.84 0.939684
0.85 0.948728
0.86 0.957772
0.87 0.966816
0.88 0.97586
0.89 0.984905
0.9 0.993949
0.91 1.00299
0.92 1.01204
0.93 1.02108
0.94 1.03013
0.95 1.03917
0.96 1.04821
0.97 1.05726
0.98 1.0663
0.99 1.07535
1 1.08439
1.01 1.09343
1.02 1.10248
1.03 1.11152
1.04 1.12057
1.05 1.12961
1.06 1.13865
1.07 1.1477
1.08 1.15674
1.09 1.16579
1.1 1.17483
1.11 1.18387
1.12 1.19292
1.13 1.20196
1.14 1.21101
1.15 1.22005
1.16 1.2291
1.17 1.23814
1.18 1.24718
1.19 1.25623
1.2 1.26527
1.21 1.27432
1.22 1.28336
1.23 1.2924
1.24 1.30145
1.25 1.31049
1.26 1.31954
1.27 1.32858
1.28 1.33762
1.29 1.34667
1.3 1.35571
1.31 1.36476
1.32 1.3738
1.33 1.38284
1.34 1.39189
1.35 1.40093
1.36 1.40998
1.37 1.41902
1.38 1.42807
1.39 1.43711
1.4 1.44615
1.41 1.4552
1.42 1.46424
1.43 1.47329
1.44 1.48233
1.45 1.49137
1.46 1.50042
1.47 1.50946
1.48 1.51851
1.49 1.52755
1.5 1.53659
1.51 1.54564
1.52 1.55468
1.53 1.56373
1.54 1.57277
1.55 1.58181
1.56 1.59086
1.57 1.5999
1.58 1.60895
1.59 1.61799
1.6 1.62704
1.61 1.63608
1.62 1.64512
1.63 1.65417
1.64 1.66321
1.65 1.67226
1.66 1.6813
1.67 1.69034
1.68 1.69939
1.69 1.70843
1.7 1.71748
1.71 1.72652
1.72 1.73556
1.73 1.74461
1.74 1.75365
1.75 1.7627
1.76 1.77174
1.77 1.78078
1.78 1.78983
1.79 1.79887
1.8 1.80792
1.81 1.81696
1.82 1.82601
1.83 1.83505
1.84 1.84409
1.85 1.85314
1.86 1.86218
1.87 1.87123
1.88 1.88027
1.89 1.88931
1.9 1.89836
1.91 1.9074
1.92 1.91645
1.93 1.92549
1.94 1.93453
1.95 1.94358
1.96 1.95262
1.97 1.96167
1.98 1.97071
1.99 1.97976
2 1.9888
2.01 1.99784
2.02 2.00689
2.03 2.01593
2.04 2.02498
2.05 2.03402
2.06 2.04306
2.07 2.05211
2.08 2.06115
2.09 2.0702
2.1 2.07924
2.11 2.08828
2.12 2.09733
2.13 2.10637
2.14 2.11542
2.15 2.12446
2.16 2.1335
2.17 2.14255
2.18 2.15159
2.19 2.16064
2.2 2.16968
2.21 2.17873
2.22 2.18777
2.23 2.19681
2.24 2.20586
2.25 2.2149
2.26 2.22395
2.27 2.23299
2.28 2.24203
2.29 2.25108
2.3 2.26012
2.31 2.26917
2.32 2.27821
2.33 2.28725
2.34 2.2963
2.35 2.30534
2.36 2.31439
2.37 2.32343
2.38 2.33247
2.39 2.34152
2.4 2.35056
2.41 2.35961
2.42 2.36865
2.43 2.3777
2.44 2.38674
2.45 2.39578
2.46 2.40483
2.47 2.41387
2.48 2.42292
2.49 2.43196
2.5 2.441
2.51 2.45005
2.52 2.45909
2.53 2.46814
2.54 2.47718
2.55 2.48622
2.56 2.49527
2.57 2.50431
2.58 2.51336
2.59 2.5224
2.6 2.53144
2.61 2.54049
2.62 2.54953
2.63 2.55858
2.64 2.56762
2.65 2.57667
2.66 2.58571
2.67 2.59475
2.68 2.6038
2.69 2.61284
2.7 2.62189
2.71 2.63093
2.72 2.63997
2.73 2.64902
2.74 2.65806
2.75 2.66711
2.76 2.67615
2.77 2.68519
2.78 2.69424
2.79 2.70328
2.8 2.71233
2.81 2.72137
2.82 2.73041
2.83 2.73946
2.84 2.7485
2.85 2.75755
2.86 2.76659
2.87 2.77564
2.88 2.78468
2.89 2.79372
2.9 2.80277
2.91 2.81181
2.92 2.82086
2.93 2.8299
2.94 2.83894
2.95 2.84799
2.96 2.85703
2.97 2.86608
2.98 2.87512
2.99 2.88416
3 2.89321
