-5.00000000e+00  2.11577006e+00 
-4.90000000e+00  2.16345888e+00 
-4.80000000e+00  2.21114769e+00 
-4.70000000e+00  2.25883650e+00 
-4.60000000e+00  2.30652532e+00 
-4.50000000e+00  2.35421413e+00 
-4.40000000e+00  2.40190295e+00 
-4.30000000e+00  2.44959176e+00 
-4.20000000e+00  2.49728058e+00 
-4.10000000e+00  2.54496939e+00 
-4.00000000e+00  2.59265821e+00 
-3.90000000e+00  2.64034702e+00 
-3.80000000e+00  2.68803584e+00 
-3.70000000e+00  2.73572465e+00 
-3.60000000e+00  2.78341347e+00 
-3.50000000e+00  2.83110228e+00 
-3.40000000e+00  2.87879110e+00 
-3.30000000e+00  2.92647991e+00 
-3.20000000e+00  2.97416872e+00 
-3.10000000e+00  3.02185754e+00 
-3.00000000e+00  3.06954635e+00 
-2.90000000e+00  3.11723517e+00 
-2.80000000e+00  3.16492398e+00 
-2.70000000e+00  3.21261280e+00 
-2.60000000e+00  3.26030161e+00 
-2.50000000e+00  3.30799043e+00 
-2.40000000e+00  3.35567924e+00 
-2.30000000e+00  3.40336806e+00 
-2.20000000e+00  3.45105687e+00 
-2.10000000e+00  3.49874569e+00 
-2.00000000e+00  3.54643450e+00 
-1.90000000e+00  3.59412332e+00 
-1.80000000e+00  3.64181213e+00 
-1.70000000e+00  3.68950094e+00 
-1.60000000e+00  3.73718976e+00 
-1.50000000e+00  3.78487857e+00 
-1.40000000e+00  3.83256739e+00 
-1.30000000e+00  3.88025620e+00 
-1.20000000e+00  3.92794502e+00 
-1.10000000e+00  3.97563383e+00 
-1.00000000e+00  4.02332265e+00 
-9.00000000e-01  4.07101146e+00 
-8.00000000e-01  4.11870028e+00 
-7.00000000e-01  4.16638909e+00 
-6.00000000e-01  4.21407791e+00 
-5.00000000e-01  4.26176672e+00 
-4.00000000e-01  4.30945554e+00 
-3.00000000e-01  4.35714435e+00 
-2.00000000e-01  4.40483316e+00 
-1.00000000e-01  4.45252198e+00 
-1.02695630e-15  4.50021079e+00 
 1.00000000e-01  4.54789961e+00 
 2.00000000e-01  4.59558842e+00 
 3.00000000e-01  4.64327724e+00 
 4.00000000e-01  4.69096605e+00 
 5.00000000e-01  4.73865487e+00 
 6.00000000e-01  4.78634368e+00 
 7.00000000e-01  4.83403250e+00 
 8.00000000e-01  4.88172131e+00 
 9.00000000e-01  4.92941013e+00 
 1.00000000e+00  4.97709894e+00 
 1.10000000e+00  5.02478776e+00 
 1.20000000e+00  5.07247657e+00 
 1.30000000e+00  5.12016538e+00 
 1.40000000e+00  5.16785420e+00 
 1.50000000e+00  5.21554301e+00 
 1.60000000e+00  5.26323183e+00 
 1.70000000e+00  5.31092064e+00 
 1.80000000e+00  5.35860946e+00 
 1.90000000e+00  5.40629827e+00 
 2.00000000e+00  5.45398709e+00 
 2.10000000e+00  5.50167590e+00 
 2.20000000e+00  5.54936472e+00 
 2.30000000e+00  5.59705353e+00 
 2.40000000e+00  5.64474235e+00 
 2.50000000e+00  5.69243116e+00 
 2.60000000e+00  5.74011998e+00 
 2.70000000e+00  5.78780879e+00 
 2.80000000e+00  5.83549760e+00 
 2.90000000e+00  5.88318642e+00 
 3.00000000e+00  5.93087523e+00 
 3.10000000e+00  5.97856405e+00 
 3.20000000e+00  6.02625286e+00 
 3.30000000e+00  6.07394168e+00 
 3.40000000e+00  6.12163049e+00 
 3.50000000e+00  6.16931931e+00 
 3.60000000e+00  6.21700812e+00 
 3.70000000e+00  6.26469694e+00 
 3.80000000e+00  6.31238575e+00 
 3.90000000e+00  6.36007457e+00 
 4.00000000e+00  6.40776338e+00 
 4.10000000e+00  6.45545220e+00 
 4.20000000e+00  6.50314101e+00 
 4.30000000e+00  6.55082982e+00 
 4.40000000e+00  6.59851864e+00 
 4.50000000e+00  6.64620745e+00 
 4.60000000e+00  6.69389627e+00 
 4.70000000e+00  6.74158508e+00 
 4.80000000e+00  6.78927390e+00 
 4.90000000e+00  6.83696271e+00 
 5.00000000e+00  6.88465153e+00 
